%YAML:1.0
---
myHogDector: !!opencv-object-detector-hog
   winSize: [ 64, 128 ]
   blockSize: [ 16, 16 ]
   blockStride: [ 8, 8 ]
   cellSize: [ 8, 8 ]
   nbins: 9
   derivAperture: 1
   winSigma: 4.
   histogramNormType: 0
   L2HysThreshold: 2.0000000000000001e-01
   gammaCorrection: 1
   nlevels: 64
   signedGradient: 0
   SVMDetector: [ -1.76525246e-02, -1.89478658e-02, -1.53128589e-02,
       -2.01534480e-02, 4.31654183e-03, -1.18811075e-02, -2.72696726e-02,
       -1.13536557e-02, -1.35780247e-02, -1.96046252e-02,
       -2.41372883e-02, 1.74112327e-03, 4.21200618e-02, -1.79355051e-02,
       4.80866767e-02, 6.92539886e-02, 1.64617151e-02, -2.29847971e-02,
       -1.64196547e-02, 3.95327481e-03, -4.56407107e-03, 2.81035644e-03,
       -1.11708175e-02, -1.62065849e-02, -1.16812121e-02, 3.68685112e-03,
       -1.91509048e-03, -7.10197212e-03, 1.47767272e-03, -1.85359060e-03,
       -1.47914616e-02, -3.64586897e-02, -1.04310410e-02, 6.72890013e-03,
       4.26659081e-03, 8.81288946e-03, -7.22173974e-03, -1.12627158e-02,
       -1.27062770e-02, -3.15929428e-02, 2.52452958e-02, 2.61225067e-02,
       4.74466197e-02, 2.11314112e-02, 6.60940353e-03, 2.68838927e-03,
       4.05118763e-02, 1.94290262e-02, 6.73471252e-03, -1.37092511e-03,
       -3.15970951e-03, 3.93857472e-02, -9.08196624e-03, 2.02572346e-02,
       -4.72489279e-03, 6.33965526e-03, 4.24397364e-03, -1.26493443e-02,
       7.91048049e-04, -1.27486279e-02, 1.39074661e-02, 1.58375059e-03,
       1.75450519e-02, -3.30726355e-02, 3.63102648e-04, -4.51996084e-03,
       -1.67779978e-02, -1.92229599e-02, -2.99055353e-02,
       -1.53904622e-02, -1.80968363e-02, -1.02302739e-02, 7.00273970e-03,
       4.29024361e-02, 2.84778960e-02, 2.85770372e-02, 1.63349975e-02,
       -1.57086663e-02, -6.06845357e-02, -4.54795025e-02, 4.60765965e-04,
       2.00763205e-03, -9.32150800e-03, -1.40275881e-02, -9.35344584e-03,
       -5.32170292e-03, -1.55581860e-02, -1.33459857e-02,
       -1.55010223e-02, 7.76674272e-03, -1.00216344e-02, -1.25085749e-02,
       -1.07992152e-02, -1.07915280e-02, -1.80529244e-02,
       -7.36945402e-03, -2.69150548e-02, -1.82598550e-02, 3.43810488e-03,
       1.37621083e-03, 1.58978645e-02, 1.17148785e-02, 2.30303295e-02,
       3.42763471e-03, 2.16339342e-02, 1.59390010e-02, -5.57239912e-03,
       4.76543512e-03, 3.43839382e-03, 6.80327322e-03, 2.18383604e-04,
       -2.54270099e-02, -7.34307151e-03, -2.13568807e-02,
       -2.41953209e-02, -1.19724320e-02, 7.26948259e-03, 9.52123944e-03,
       5.17054740e-03, 1.71977859e-02, -1.43792601e-02, -2.85877474e-02,
       -1.13738179e-02, 7.96054397e-03, 1.86047982e-02, 2.60572527e-02,
       -7.25224242e-03, -5.45489136e-03, 1.15179401e-02, 1.30643304e-02,
       -3.24348803e-03, 4.12006117e-02, 1.73387043e-02, 6.80037728e-03,
       1.43733555e-02, -1.27243586e-02, -1.91198930e-03, 2.41039600e-02,
       3.27690784e-03, -8.37967172e-03, 2.15489860e-03, 1.53154414e-02,
       2.58123204e-02, -1.13120838e-03, -1.20163914e-02, -6.45520724e-03,
       2.79524866e-02, 3.85613949e-03, 2.55884789e-02, 6.22269837e-03,
       1.41681237e-02, 6.03487389e-03, 6.34777313e-03, -1.43162170e-02,
       -2.17874981e-02, -1.95184327e-03, -2.64649908e-03, 5.27278800e-03,
       1.69492569e-02, 6.38389774e-03, 1.21447016e-02, 3.35085759e-04,
       -1.47381695e-02, -1.21663762e-02, 4.44095582e-03, 9.40287206e-03,
       1.30994702e-02, -6.46049902e-03, 9.08234343e-03, 8.39926489e-03,
       -3.34660592e-03, -2.72818346e-04, 1.84939546e-03, -6.10282237e-04,
       -1.26076781e-03, 2.11076369e-03, 1.16004832e-02, 7.43069174e-03,
       -1.66607425e-02, 1.19576808e-02, -4.27555096e-05, -1.93753373e-02,
       -1.16224280e-02, -1.65281948e-02, -1.35854045e-02, 2.51269247e-03,
       6.81202952e-03, 2.83538513e-02, 1.26116921e-03, -2.03971518e-03,
       -5.92096534e-04, -6.56937598e-04, -8.67722277e-03, 7.11153075e-03,
       5.01031755e-03, 1.18280407e-02, 1.65523961e-02, 8.44896713e-04,
       -4.52576438e-03, -2.40834337e-03, 2.46077240e-03, -1.36910938e-02,
       -3.44019495e-02, -1.28100915e-02, -7.77278235e-03,
       -6.41948776e-03, -5.03748422e-03, -5.11712022e-03,
       -1.62453800e-02, -2.44857334e-02, -8.31689779e-03,
       -1.73565838e-03, -1.15890079e-03, -1.87370796e-02,
       -1.71510614e-02, -4.91496129e-03, -2.37168092e-03,
       -8.42330221e-04, -4.19106754e-03, -1.17683467e-02,
       -5.45800757e-03, 1.74195524e-02, 1.99193396e-02, 2.22797226e-03,
       2.58670375e-03, -2.23073158e-02, -2.53604148e-02, -5.93534578e-03,
       -1.11804148e-02, 1.54461861e-02, 7.64855091e-03, -6.00911491e-03,
       -2.85505392e-02, -2.75354832e-02, 3.56237427e-03, -4.03764658e-03,
       1.24395378e-02, 2.45049642e-03, 9.46155097e-03, 1.15861744e-02,
       4.52952547e-04, 6.68612123e-03, 4.73400997e-03, -1.71489175e-02,
       -3.77875380e-03, 1.32894916e-02, 4.82079806e-03, -3.32331005e-03,
       1.97164062e-03, -5.96020604e-03, -1.82800163e-02, -2.69603319e-02,
       4.70477389e-03, 4.68218559e-03, -4.38869838e-03, 4.88152588e-03,
       2.02458296e-02, 4.81480639e-03, 1.18692722e-02, -6.47361670e-03,
       6.27913745e-03, 1.25631588e-02, 3.27631272e-02, -1.27435615e-03,
       -5.30134607e-03, 6.00521918e-03, -5.01510734e-03, 3.63179273e-03,
       6.50110980e-03, 1.98643822e-02, -6.48387824e-04, 2.26490814e-02,
       1.59634445e-02, 1.25219747e-02, 9.70592909e-03, 6.36221655e-03,
       1.58732496e-02, 1.15526177e-03, -3.82859563e-03, -3.27930227e-03,
       8.70067440e-03, 8.63187388e-03, 3.22449580e-02, 1.52515247e-02,
       7.47398660e-03, 5.88098075e-03, 2.21231533e-03, -7.95063854e-04,
       2.00768467e-02, 2.61169001e-02, -1.59437917e-02, -1.06384587e-02,
       6.67027943e-03, 4.65904921e-03, 2.70019314e-04, 4.35617240e-03,
       1.62214190e-02, 1.33475512e-02, 1.89514011e-02, 1.05756437e-02,
       2.64003202e-02, 3.73285555e-04, 9.92569723e-04, -2.22145976e-03,
       -3.85447568e-03, -7.22096348e-03, 1.64118838e-02, 1.05305836e-02,
       -9.53167211e-03, -7.86045380e-03, 6.50766678e-03, 1.31016709e-02,
       1.01407645e-02, 1.21657820e-02, 5.40515315e-03, 2.21365374e-02,
       -8.19463632e-04, 3.58658424e-03, 2.68430039e-02, -2.09701480e-03,
       1.82141773e-02, -1.06426543e-02, -3.64243821e-03, -1.39583647e-02,
       2.55590142e-03, 1.08459732e-02, 1.03163319e-02, 1.13271540e-02,
       6.63747266e-03, -3.47989704e-03, -2.00389908e-03, 1.22833985e-03,
       -1.76935475e-02, 1.82613786e-02, -5.48171066e-03, -4.82336525e-03,
       7.19166175e-03, 9.20865405e-03, -9.32191033e-03, 5.63115068e-03,
       2.01456491e-02, 1.42745012e-02, 1.81861632e-02, 9.75529104e-03,
       8.54165480e-03, 1.58510059e-02, 2.79018544e-02, 1.22150546e-03,
       -8.91107228e-03, -9.43445659e-04, -1.43972794e-02, 2.03383453e-02,
       6.34429092e-03, -4.32434957e-03, 3.60825076e-03, -1.41686052e-02,
       6.03935157e-04, 1.21388463e-02, 6.09712675e-03, -3.04059219e-03,
       -1.91403627e-02, -1.18362382e-02, -6.25846395e-03, 1.38545027e-02,
       1.72498357e-02, -2.10146271e-02, -2.41413177e-03, 2.84236693e-03,
       -1.42225577e-02, 6.13804488e-03, 1.12353386e-02, -2.62318924e-03,
       2.04081312e-02, 1.94312166e-02, -1.77946873e-02, 5.98810660e-03,
       2.08038837e-03, 1.62824020e-02, 8.18183739e-03, 2.17309725e-02,
       -3.51015537e-04, 4.01988655e-05, -6.45020453e-04, -4.17669117e-03,
       9.92101151e-03, -2.34118034e-03, 1.03413244e-03, 7.52139650e-03,
       1.81182437e-02, -1.05319368e-02, 9.72190779e-03, 1.62556879e-02,
       2.67123105e-03, 6.18617143e-03, -1.76047324e-04, 1.39590809e-02,
       -4.12315875e-03, 1.43723171e-02, 4.08957303e-02, 1.45150479e-02,
       -2.77873725e-02, -5.52169699e-03, 9.46085248e-03, 1.90773420e-02,
       2.56361794e-02, 5.62789105e-03, 3.49397841e-03, 1.57874171e-02,
       -3.46797779e-02, -2.22132001e-02, 1.29538458e-02, 1.29129020e-02,
       1.24507882e-02, 2.53975075e-02, -1.87489856e-02, 2.26890743e-02,
       9.48626176e-03, 1.45565078e-03, 1.13109220e-03, 2.47305259e-03,
