%YAML:1.0
---
myHogDector2: !!opencv-object-detector-hog
   winSize: [ 64, 128 ]
   blockSize: [ 16, 16 ]
   blockStride: [ 8, 8 ]
   cellSize: [ 8, 8 ]
   nbins: 9
   derivAperture: 1
   winSigma: 4.
   histogramNormType: 0
   L2HysThreshold: 2.0000000000000001e-01
   gammaCorrection: 1
   nlevels: 64
   signedGradient: 0
   SVMDetector: [ 3.31621431e-03, -1.34785175e-02, -8.11965298e-03,
       -9.59098246e-03, 1.80033166e-02, -2.41430886e-02, 1.44819275e-03,
       -5.81396604e-03, 1.12854810e-02, 3.42486575e-02, 4.13855258e-03,
       3.82913300e-03, -5.28492965e-03, 1.56346802e-02, 2.27456875e-02,
       2.64169462e-03, -2.86512356e-02, 9.17330757e-03, 2.41477452e-02,
       4.91070282e-03, -4.57603601e-04, 3.97826312e-03, 3.39295133e-03,
       -1.06151784e-02, 1.50417294e-02, -4.91391635e-03, 2.67458186e-02,
       1.96216218e-02, 1.03738867e-02, -9.55798477e-03, 1.63725135e-03,
       -1.14890439e-02, 1.15906876e-02, 8.89403746e-03, -1.15650250e-02,
       -9.56184138e-03, 3.64164729e-03, -1.18751917e-02, -9.28895373e-04,
       2.98689352e-03, -6.91496721e-03, 3.08210868e-03, 4.94903792e-03,
       -1.03105353e-02, 1.82404146e-02, 1.38643337e-03, -1.04886189e-03,
       4.86150291e-03, 1.23228543e-02, 1.16720907e-02, 1.07670855e-03,
       6.19970215e-03, 1.97095126e-02, 1.20998975e-02, 4.37807711e-03,
       -6.04606794e-06, -6.70494419e-03, 4.99253068e-03, -1.65121146e-02,
       -4.32669092e-03, -9.33949195e-04, 8.45127646e-03, -2.50601931e-03,
       2.55515077e-03, 5.51708229e-03, -8.80763214e-03, 1.06184306e-02,
       3.84199433e-03, 6.44625491e-03, 9.23021231e-03, 2.23904592e-03,
       1.37111696e-03, 4.74938424e-03, 6.33087009e-03, -1.61734968e-02,
       -3.69754678e-04, -2.66684336e-03, 8.01837014e-04, 1.16700726e-02,
       -8.48395471e-03, -4.85355174e-03, 2.91336849e-02, -3.12046334e-03,
       -1.08720851e-03, -1.37725947e-02, -6.39718911e-03,
       -7.31992128e-04, 5.31499833e-03, 1.12019898e-03, -4.75041056e-03,
       -6.99319784e-03, 1.55753049e-03, -1.11777894e-03, 2.01637689e-02,
       1.81384792e-03, 1.05597060e-02, 1.89168993e-02, 1.03426958e-02,
       -6.35283114e-03, 1.57960958e-03, -1.68859605e-02, -2.47825570e-02,
       -1.46997711e-02, -4.26275143e-03, -6.75595657e-05, 2.51857867e-03,
       8.13837443e-03, -1.89455971e-03, 8.91677046e-04, 2.31590141e-02,
       8.95032845e-03, -7.85101671e-04, -4.11932077e-03, -1.20907137e-02,
       -1.38291018e-02, -2.75412039e-03, 7.29013840e-03, -9.47614107e-03,
       3.25691374e-03, 1.88609515e-03, -2.28266610e-04, -6.59990543e-03,
       -4.69929166e-03, -1.44588426e-02, 9.47549194e-03, -7.27315899e-03,
       -5.20716282e-03, 1.10911727e-02, 1.19745510e-03, -5.01867896e-03,
       -3.54975415e-03, 2.68177385e-03, 2.14258954e-02, 1.95294786e-02,
       3.22730513e-04, -6.64075511e-03, -3.64408043e-04, -6.78744027e-03,
       -3.20871989e-03, -8.04211665e-03, 8.31594225e-03, -9.70808251e-05,
       -5.85738104e-04, -1.77938621e-02, -5.89463674e-03, 1.04926182e-02,
       3.48621653e-03, -2.21887458e-04, 3.00759403e-03, -1.12610804e-02,
       8.89680348e-03, 1.95785407e-02, -1.08071659e-02, -1.46044949e-02,
       -8.63626692e-03, 7.39536667e-03, 7.73571292e-03, -5.68566937e-03,
       -9.59664397e-03, -3.48767935e-04, 3.08900769e-03, 1.46002346e-03,
       -7.55498605e-03, 2.03090217e-02, -2.34543323e-03, -1.32228044e-04,
       -1.37243811e-02, 8.65074992e-03, 2.85781035e-03, 5.57913352e-03,
       -2.36609541e-02, -9.26964078e-03, 7.06376275e-03, 4.94421693e-03,
       -1.07390862e-02, 3.31335142e-03, -4.35133727e-04, -4.07310063e-03,
       -4.46355529e-03, -5.96075272e-03, -2.09035221e-02,
       -1.24162156e-02, -1.30091989e-02, 5.77430474e-03, 3.81363463e-03,
       1.99946738e-03, -4.73287934e-03, 9.13786422e-03, 2.50998279e-03,
       -6.27397979e-03, -1.48979127e-02, -2.15455517e-02,
       -1.37455221e-02, 2.74271751e-03, -9.18343291e-03, 2.87291268e-03,
       5.92385372e-03, -1.21266982e-02, -1.09983878e-02, 3.12264281e-04,
       -1.55055495e-02, 8.03336874e-03, -3.74263525e-03, 2.74450635e-03,
       -1.95461698e-02, 1.05635384e-02, -1.07047260e-02, 8.28637742e-04,
       1.61506161e-02, 4.74044215e-03, 5.56340208e-03, -2.19706278e-02,
       4.09974437e-03, -1.24574667e-02, 1.76894153e-03, -3.69218062e-03,
       1.00015122e-02, 1.14143896e-03, -1.55053642e-02, -7.25456455e-04,
       8.18030816e-03, 6.03805622e-03, 2.12005759e-03, 2.09648404e-02,
       1.65712219e-02, -9.08760633e-03, -1.17439022e-02, -2.25876402e-02,
       1.84459530e-03, -7.18361465e-03, 4.34946967e-03, -3.73614989e-02,
       5.03532123e-03, 1.01192319e-03, 1.96113382e-02, 5.27790457e-04,
       9.65065230e-03, 1.49635365e-02, 9.32066236e-03, 6.41055079e-03,
       2.36490089e-03, 2.21932810e-02, -5.91043523e-03, -1.25460137e-04,
       -2.49302946e-03, 5.29592438e-03, -4.58466355e-03, -1.36657339e-02,
       1.43508492e-02, -9.19231959e-03, -2.03697375e-04, -1.21825133e-02,
       -1.68670714e-03, 1.08058797e-02, -9.92462318e-03, 1.02429567e-02,
       1.33272111e-02, 6.53893175e-03, -2.57387795e-02, 1.03399390e-02,
       7.29560247e-03, -4.40189196e-03, 2.57537514e-03, -1.73064359e-02,
       -1.62998587e-02, 5.33684529e-03, 8.14531185e-03, -1.68317910e-02,
       5.66235324e-03, -4.87269339e-04, 1.13358349e-02, -6.26881374e-03,
       6.19031535e-03, 1.88804008e-02, 2.05815374e-03, 2.57923771e-02,
       1.18271466e-02, 2.72573475e-02, 1.28732575e-02, -1.07394776e-03,
       2.57487525e-04, -6.16777572e-04, -7.86020420e-03, -9.64315608e-03,
       6.95431884e-03, -1.91699632e-03, 1.06124505e-02, -2.86187814e-03,
       1.53378455e-03, -5.29724918e-03, 6.43655006e-03, 4.01668996e-03,
       -1.45680048e-02, -6.52975775e-03, -3.17825680e-03, 1.32484976e-02,
       -7.26829469e-03, -1.49472617e-02, 1.00129787e-02, 1.08567160e-02,
       1.53830219e-02, -1.97670981e-03, -2.25033192e-03, 8.69549252e-03,
       2.23858953e-02, -1.15328925e-02, 6.45929109e-03, -1.64638157e-03,
       1.62204187e-02, 8.51263572e-03, -1.34619735e-02, 1.07167698e-02,
       4.34423360e-04, 1.74093805e-02, -5.78097627e-03, -1.43964533e-02,
       -1.86638143e-02, -6.56353170e-03, -6.25543238e-04, 7.32072955e-03,
       1.82416178e-02, -4.20275563e-03, -2.70693842e-03, -2.54806932e-02,
       -2.42261142e-02, 6.43086759e-03, -7.31830439e-03, 4.53947764e-03,
       3.05541954e-03, -1.64466687e-02, 1.16916541e-02, 1.22610293e-02,
       -4.75709001e-03, 1.10302437e-02, 3.97728663e-03, -2.89439168e-02,
       -7.05295941e-03, 1.15814945e-03, -4.96312138e-03, 3.52684967e-03,
       -3.74185015e-03, -1.02324672e-02, 1.35334423e-02, -1.10058556e-03,
       2.17521260e-03, 1.81950890e-02, -1.55499100e-03, 5.93556277e-03,
       2.17703488e-02, 1.76258460e-02, -1.07361497e-02, -3.30746360e-03,
       3.63469543e-03, 7.89637025e-03, 1.26738762e-02, -8.83862469e-03,
       -9.52591887e-04, 1.06040062e-02, -1.16507430e-03, -3.51203908e-03,
       -3.53768375e-03, -1.16972439e-03, -9.40527953e-03, 3.63641209e-03,
       -2.85298040e-04, -1.04274508e-02, -1.61122959e-02, 4.88120504e-03,
       6.32225769e-03, -3.45558836e-03, -8.22781026e-03, -1.36475191e-02,
       -1.24576055e-02, -2.67702318e-03, -1.51664512e-02,
       -7.57083436e-03, 6.54741749e-03, 2.07687286e-03, -1.45536242e-02,
       -2.89234286e-03, 6.48512365e-03, -3.64936050e-03, -1.51222870e-02,
       5.70657477e-03, -9.09273699e-03, 1.33489585e-02, 1.40098557e-02,
       1.07213417e-02, 1.31161744e-03, -1.61737110e-02, 7.43809110e-03,
       -7.04550138e-03, 5.58995036e-03, -1.79797057e-02, 6.19042059e-03,
       -1.05537905e-03, -5.74198505e-03, 3.55626387e-03, 4.07734513e-03,
       -6.26362022e-03, -4.80771298e-03, -1.33801373e-02,
       -1.68808810e-02, -8.64327978e-03, -9.32937209e-03, 4.90187176e-06,
       -1.89266808e-03, -2.03025546e-02, 5.72948810e-03, -1.16009638e-02,
       -2.07434166e-02, -2.09131651e-02, 7.36008724e-03, -6.36391575e-03,
       6.93366118e-03, 1.29828637e-03, -7.82518461e-03, -9.50509403e-03,
